0.000125	-3.45921e-05	2.03216e-06	
0.00025	-1.6087e-05	2.07382e-06	
0.000375	1.68428e-05	2.10248e-06	
0.0005	3.11982e-05	2.13201e-06	
0.000625	-0.000131828	2.17252e-06	
0.00075	0.00184274	2.25696e-06	
0.000875	-0.0304521	2.58626e-06	
0.001	0.362689	4.14481e-06	
0.001125	2.25343	1.19103e-05	
0.00125	3.81948	3.81179e-05	
0.001375	4.68216	7.65502e-05	
0.0015	5.23351	0.000120578	
0.001625	5.62621	0.000167268	
0.00175	5.92635	0.000215319	
0.001875	6.16719	0.000264118	
0.002	6.36747	0.000313348	
0.002125	6.53856	0.000362841	
0.00225	6.68782	0.000412497	
0.002375	6.82025	0.000462259	
0.0025	6.93933	0.000512092	
0.002625	7.0476	0.000561973	
0.00275	7.14693	0.000611887	
0.002875	7.23877	0.000661824	
0.003	7.32421	0.000711777	
0.003125	7.40414	0.000761742	
0.00325	7.47925	0.000811716	
0.003375	7.55012	0.000861696	
0.0035	7.61722	0.00091168	
0.003625	7.68095	0.000961669	
0.00375	7.74164	0.00101166	
0.003875	7.79957	0.00106165	
0.004	7.85499	0.00111165	
0.004125	7.90812	0.00116164	
0.00425	7.95913	0.00121164	
0.004375	8.0082	0.00126164	
0.0045	8.05546	0.00131163	
0.004625	8.10105	0.00136163	
0.00475	8.14508	0.00141163	
0.004875	8.18766	0.00146163	
0.005	8.22887	0.00151163	
0.005125	8.26881	0.00156163	
0.00525	8.30755	0.00161163	
0.005375	8.34516	0.00166163	
0.0055	8.38171	0.00171163	
0.005625	8.41724	0.00176163	
0.00575	8.45183	0.00181163	
0.005875	8.48551	0.00186163	
0.006	8.51833	0.00191163	
0.006125	8.55034	0.00196163	
0.00625	8.58157	0.00201163	
0.006375	8.61206	0.00206163	
0.0065	8.64185	0.00211163	
0.006625	8.67097	0.00216163	
0.00675	8.69945	0.00221163	
0.006875	8.7273	0.00226163	
0.007	8.75457	0.00231163	
0.007125	8.78128	0.00236163	
0.00725	8.80744	0.00241163	
0.007375	8.83308	0.00246163	
0.0075	8.85822	0.00251162	
0.007625	8.88288	0.00256162	
0.00775	8.90708	0.00261162	
0.007875	8.93083	0.00266162	
0.008	8.95415	0.00271162	
0.008125	8.97706	0.00276162	
0.00825	8.99957	0.00281162	
0.008375	9.02169	0.00286162	
0.0085	9.04343	0.00291162	
0.008625	9.06482	0.00296162	
0.00875	9.08586	0.00301162	
0.008875	9.10656	0.00306162	
0.009	9.12693	0.00311162	
0.009125	9.14698	0.00316162	
0.00925	9.16673	0.00321162	
0.009375	9.18618	0.00326162	
0.0095	9.20534	0.00331162	
0.009625	9.22422	0.00336162	
0.00975	9.24282	0.00341162	
0.009875	9.26116	0.00346162	
0.01	9.27925	0.00351162	
0.010125	9.29708	0.00356162	
0.01025	9.31467	0.00361162	
0.010375	9.33202	0.00366162	
0.0105	9.34914	0.00371162	
0.010625	9.36604	0.00376162	
0.01075	9.38272	0.00381162	
0.010875	9.39919	0.00386162	
0.011	9.41544	0.00391162	
0.011125	9.4315	0.00396162	
0.01125	9.44735	0.00401162	
0.011375	9.46302	0.00406162	
0.0115	9.47849	0.00411162	
0.011625	9.49379	0.00416162	
0.01175	9.5089	0.00421162	
0.011875	9.52384	0.00426162	
0.012	9.5386	0.00431162	
0.012125	9.5532	0.00436162	
0.01225	9.56764	0.00441162	
0.012375	9.58191	0.00446162	
0.0125	9.59603	0.00451162	
0.012625	9.61	0.00456162	
0.01275	9.62381	0.00461162	
0.012875	9.63748	0.00466162	
0.013	9.65101	0.00471162	
0.013125	9.66439	0.00476162	
0.01325	9.67764	0.00481162	
0.013375	9.69075	0.00486162	
0.0135	9.70373	0.00491162	
0.013625	9.71658	0.00496162	
0.01375	9.7293	0.00501162	
0.013875	9.7419	0.00506162	
0.014	9.75438	0.00511162	
0.014125	9.76674	0.00516162	
0.01425	9.77898	0.00521162	
0.014375	9.7911	0.00526162	
0.0145	9.80311	0.00531162	
0.014625	9.81501	0.00536162	
0.01475	9.82681	0.00541162	
0.014875	9.83849	0.00546162	
0.015	9.85007	0.00551162	
0.015125	9.86155	0.00556162	
0.01525	9.87292	0.00561162	
0.015375	9.8842	0.00566162	
0.0155	9.89537	0.00571162	
0.015625	9.90645	0.00576162	
0.01575	9.91744	0.00581162	
0.015875	9.92833	0.00586162	
0.016	9.93914	0.00591162	
0.016125	9.94985	0.00596162	
0.01625	9.96047	0.00601162	
0.016375	9.97101	0.00606162	
0.0165	9.98146	0.00611162	
0.016625	9.99183	0.00616162	
0.01675	10.0021	0.00621162	
0.016875	10.0123	0.00626162	
0.017	10.0224	0.00631162	
0.017125	10.0325	0.00636162	
0.01725	10.0424	0.00641162	
0.017375	10.0523	0.00646162	
0.0175	10.0622	0.00651162	
0.017625	10.0719	0.00656162	
0.01775	10.0816	0.00661162	
0.017875	10.0912	0.00666162	
0.018	10.1007	0.00671162	
0.018125	10.1101	0.00676162	
0.01825	10.1195	0.00681162	
0.018375	10.1288	0.00686162	
0.0185	10.1381	0.00691162	
0.018625	10.1473	0.00696162	
0.01875	10.1564	0.00701162	
0.018875	10.1654	0.00706162	
0.019	10.1744	0.00711162	
0.019125	10.1834	0.00716162	
0.01925	10.1922	0.00721162	
0.019375	10.201	0.00726162	
0.0195	10.2098	0.00731162	
0.019625	10.2185	0.00736162	
0.01975	10.2271	0.00741162	
0.019875	10.2357	0.00746162	
0.02	10.2442	0.00751162	
0.020125	10.2526	0.00756162	
0.02025	10.2611	0.00761162	
0.020375	10.2694	0.00766162	
0.0205	10.2777	0.00771162	
0.020625	10.2859	0.00776162	
0.02075	10.2941	0.00781162	
0.020875	10.3023	0.00786162	
0.021	10.3104	0.00791162	
0.021125	10.3184	0.00796162	
0.02125	10.3264	0.00801162	
0.021375	10.3343	0.00806162	
0.0215	10.3422	0.00811162	
0.021625	10.3501	0.00816162	
0.02175	10.3578	0.00821162	
0.021875	10.3656	0.00826162	
0.022	10.3733	0.00831162	
0.022125	10.381	0.00836162	
0.02225	10.3886	0.00841162	
0.022375	10.3961	0.00846162	
0.0225	10.4036	0.00851162	
0.022625	10.4111	0.00856162	
0.02275	10.4186	0.00861162	
0.022875	10.426	0.00866162	
0.023	10.4333	0.00871162	
0.023125	10.4406	0.00876162	
0.02325	10.4479	0.00881162	
0.023375	10.4551	0.00886162	
0.0235	10.4623	0.00891162	
0.023625	10.4694	0.00896162	
0.02375	10.4765	0.00901162	
0.023875	10.4836	0.00906162	
0.024	10.4906	0.00911162	
0.024125	10.4976	0.00916162	
0.02425	10.5046	0.00921162	
0.024375	10.5115	0.00926162	
0.0245	10.5184	0.00931162	
0.024625	10.5252	0.00936162	
0.02475	10.532	0.00941162	
0.024875	10.5388	0.00946162	
0.025	10.5455	0.00951162	
0.025125	10.5522	0.00956162	
0.02525	10.5589	0.00961162	
0.025375	10.5655	0.00966162	
0.0255	10.5721	0.00971162	
0.025625	10.5787	0.00976162	
0.02575	10.5852	0.00981162	
0.025875	10.5917	0.00986162	
0.026	10.5982	0.00991162	
0.026125	10.6046	0.00996162	
0.02625	10.611	0.0100116	
0.026375	10.6174	0.0100616	
0.0265	10.6237	0.0101116	
0.026625	10.63	0.0101616	
0.02675	10.6363	0.0102116	
0.026875	10.6425	0.0102616	
0.027	10.6487	0.0103116	
0.027125	10.6549	0.0103616	
0.02725	10.6611	0.0104116	
0.027375	10.6672	0.0104616	
0.0275	10.6733	0.0105116	
0.027625	10.6794	0.0105616	
0.02775	10.6854	0.0106116	
0.027875	10.6914	0.0106616	
0.028	10.6974	0.0107116	
0.028125	10.7033	0.0107616	
0.02825	10.7093	0.0108116	
0.028375	10.7152	0.0108616	
0.0285	10.721	0.0109116	
0.028625	10.7269	0.0109616	
0.02875	10.7327	0.0110116	
0.028875	10.7385	0.0110616	
0.029	10.7443	0.0111116	
0.029125	10.75	0.0111616	
0.02925	10.7557	0.0112116	
0.029375	10.7614	0.0112616	
0.0295	10.7671	0.0113116	
0.029625	10.7727	0.0113616	
0.02975	10.7784	0.0114116	
0.029875	10.784	0.0114616	
0.03	10.7895	0.0115116	
0.030125	10.7951	0.0115616	
0.03025	10.8006	0.0116116	
0.030375	10.8061	0.0116616	
0.0305	10.8116	0.0117116	
0.030625	10.817	0.0117616	
0.03075	10.8224	0.0118116	
0.030875	10.8278	0.0118616	
0.031	10.8332	0.0119116	
0.031125	10.8386	0.0119616	
0.03125	10.8439	0.0120116	
0.031375	10.8492	0.0120616	
0.0315	10.8545	0.0121116	
0.031625	10.8598	0.0121616	
0.03175	10.8651	0.0122116	
0.031875	10.8703	0.0122616	
0.032	10.8755	0.0123116	
0.032125	10.8807	0.0123616	
0.03225	10.8858	0.0124116	
0.032375	10.891	0.0124616	
0.0325	10.8961	0.0125116	
0.032625	10.9012	0.0125616	
0.03275	10.9063	0.0126116	
0.032875	10.9114	0.0126616	
0.033	10.9164	0.0127116	
0.033125	10.9214	0.0127616	
0.03325	10.9264	0.0128116	
0.033375	10.9314	0.0128616	
0.0335	10.9364	0.0129116	
0.033625	10.9414	0.0129616	
0.03375	10.9463	0.0130116	
0.033875	10.9512	0.0130616	
0.034	10.9561	0.0131116	
0.034125	10.961	0.0131616	
0.03425	10.9658	0.0132116	
0.034375	10.9706	0.0132616	
0.0345	10.9755	0.0133116	
0.034625	10.9803	0.0133616	
0.03475	10.985	0.0134116	
0.034875	10.9898	0.0134616	
0.035	10.9946	0.0135116	
0.035125	10.9993	0.0135616	
0.03525	11.004	0.0136116	
0.035375	11.0087	0.0136616	
0.0355	11.0134	0.0137116	
0.035625	11.018	0.0137616	
0.03575	11.0227	0.0138116	
0.035875	11.0273	0.0138616	
0.036	11.0319	0.0139116	
0.036125	11.0365	0.0139616	
0.03625	11.0411	0.0140116	
0.036375	11.0457	0.0140616	
0.0365	11.0502	0.0141116	
0.036625	11.0547	0.0141616	
0.03675	11.0593	0.0142116	
0.036875	11.0637	0.0142616	
0.037	11.0682	0.0143116	
0.037125	11.0727	0.0143616	
0.03725	11.0772	0.0144116	
0.037375	11.0816	0.0144616	
0.0375	11.086	0.0145116	
0.037625	11.0904	0.0145616	
0.03775	11.0948	0.0146116	
0.037875	11.0992	0.0146616	
0.038	11.1035	0.0147116	
0.038125	11.1079	0.0147616	
0.03825	11.1122	0.0148116	
0.038375	11.1165	0.0148616	
0.0385	11.1208	0.0149116	
0.038625	11.1251	0.0149616	
0.03875	11.1294	0.0150116	
0.038875	11.1337	0.0150616	
0.039	11.1379	0.0151116	
0.039125	11.1421	0.0151616	
0.03925	11.1464	0.0152116	
0.039375	11.1506	0.0152616	
0.0395	11.1548	0.0153116	
0.039625	11.1589	0.0153616	
0.03975	11.1631	0.0154116	
0.039875	11.1673	0.0154616	
0.04	11.1714	0.0155116	
0.040125	11.1755	0.0155616	
0.04025	11.1796	0.0156116	
0.040375	11.1837	0.0156616	
0.0405	11.1878	0.0157116	
0.040625	11.1919	0.0157616	
0.04075	11.1959	0.0158116	
0.040875	11.2	0.0158616	
0.041	11.204	0.0159116	
0.041125	11.208	0.0159616	
0.04125	11.212	0.0160116	
0.041375	11.216	0.0160616	
0.0415	11.22	0.0161116	
0.041625	11.224	0.0161616	
0.04175	11.228	0.0162116	
0.041875	11.2319	0.0162616	
0.042	11.2358	0.0163116	
0.042125	11.2398	0.0163616	
0.04225	11.2437	0.0164116	
0.042375	11.2476	0.0164616	
0.0425	11.2515	0.0165116	
0.042625	11.2553	0.0165616	
0.04275	11.2592	0.0166116	
0.042875	11.263	0.0166616	
0.043	11.2669	0.0167116	
0.043125	11.2707	0.0167616	
0.04325	11.2745	0.0168116	
0.043375	11.2783	0.0168616	
0.0435	11.2821	0.0169116	
0.043625	11.2859	0.0169616	
0.04375	11.2897	0.0170116	
0.043875	11.2935	0.0170616	
0.044	11.2972	0.0171116	
0.044125	11.301	0.0171616	
0.04425	11.3047	0.0172116	
0.044375	11.3084	0.0172616	
0.0445	11.3121	0.0173116	
0.044625	11.3158	0.0173616	
0.04475	11.3195	0.0174116	
0.044875	11.3232	0.0174616	
0.045	11.3268	0.0175116	
0.045125	11.3305	0.0175616	
0.04525	11.3341	0.0176116	
0.045375	11.3378	0.0176616	
0.0455	11.3414	0.0177116	
0.045625	11.345	0.0177616	
0.04575	11.3486	0.0178116	
0.045875	11.3522	0.0178616	
0.046	11.3558	0.0179116	
0.046125	11.3594	0.0179616	
0.04625	11.3629	0.0180116	
0.046375	11.3665	0.0180616	
0.0465	11.37	0.0181116	
0.046625	11.3736	0.0181616	
0.04675	11.3771	0.0182116	
0.046875	11.3806	0.0182616	
0.047	11.3841	0.0183116	
0.047125	11.3876	0.0183616	
0.04725	11.3911	0.0184116	
0.047375	11.3946	0.0184616	
0.0475	11.398	0.0185116	
0.047625	11.4015	0.0185616	
0.04775	11.405	0.0186116	
0.047875	11.4084	0.0186616	
0.048	11.4118	0.0187116	
0.048125	11.4152	0.0187616	
0.04825	11.4187	0.0188116	
0.048375	11.4221	0.0188616	
0.0485	11.4255	0.0189116	
0.048625	11.4288	0.0189616	
0.04875	11.4322	0.0190116	
0.048875	11.4356	0.0190616	
0.049	11.439	0.0191116	
0.049125	11.4423	0.0191616	
0.04925	11.4456	0.0192116	
0.049375	11.449	0.0192616	
0.0495	11.4523	0.0193116	
0.049625	11.4556	0.0193616	
0.04975	11.4589	0.0194116	
0.049875	11.4622	0.0194616	
0.05	11.4655	0.0195116	
0.050125	11.4688	0.0195616	
0.05025	11.4721	0.0196116	
0.050375	11.4753	0.0196616	
0.0505	11.4786	0.0197116	
0.050625	11.4818	0.0197616	
0.05075	11.4851	0.0198116	
0.050875	11.4883	0.0198616	
0.051	11.4915	0.0199116	
0.051125	11.4948	0.0199616	
0.05125	11.498	0.0200116	
0.051375	11.5012	0.0200616	
0.0515	11.5044	0.0201116	
0.051625	11.5076	0.0201616	
0.05175	11.5107	0.0202116	
0.051875	11.5139	0.0202616	
0.052	11.5171	0.0203116	
0.052125	11.5202	0.0203616	
0.05225	11.5234	0.0204116	
0.052375	11.5265	0.0204616	
0.0525	11.5296	0.0205116	
0.052625	11.5328	0.0205616	
0.05275	11.5359	0.0206116	
0.052875	11.539	0.0206616	
0.053	11.5421	0.0207116	
0.053125	11.5452	0.0207616	
0.05325	11.5483	0.0208116	
0.053375	11.5513	0.0208616	
0.0535	11.5544	0.0209116	
0.053625	11.5575	0.0209616	
0.05375	11.5605	0.0210116	
0.053875	11.5636	0.0210616	
0.054	11.5666	0.0211116	
0.054125	11.5697	0.0211616	
0.05425	11.5727	0.0212116	
0.054375	11.5757	0.0212616	
0.0545	11.5787	0.0213116	
0.054625	11.5817	0.0213616	
0.05475	11.5847	0.0214116	
0.054875	11.5877	0.0214616	
0.055	11.5907	0.0215116	
0.055125	11.5937	0.0215616	
0.05525	11.5967	0.0216116	
0.055375	11.5996	0.0216616	
0.0555	11.6026	0.0217116	
0.055625	11.6055	0.0217616	
0.05575	11.6085	0.0218116	
0.055875	11.6114	0.0218616	
0.056	11.6143	0.0219116	
0.056125	11.6173	0.0219616	
0.05625	11.6202	0.0220116	
0.056375	11.6231	0.0220616	
0.0565	11.626	0.0221116	
0.056625	11.6289	0.0221616	
0.05675	11.6318	0.0222116	
0.056875	11.6347	0.0222616	
0.057	11.6376	0.0223116	
0.057125	11.6404	0.0223616	
0.05725	11.6433	0.0224116	
0.057375	11.6462	0.0224616	
0.0575	11.649	0.0225116	
0.057625	11.6519	0.0225616	
0.05775	11.6547	0.0226116	
0.057875	11.6575	0.0226616	
0.058	11.6604	0.0227116	
0.058125	11.6632	0.0227616	
0.05825	11.666	0.0228116	
0.058375	11.6688	0.0228616	
0.0585	11.6716	0.0229116	
0.058625	11.6744	0.0229616	
0.05875	11.6772	0.0230116	
0.058875	11.68	0.0230616	
0.059	11.6828	0.0231116	
0.059125	11.6855	0.0231616	
0.05925	11.6883	0.0232116	
0.059375	11.6911	0.0232616	
0.0595	11.6938	0.0233116	
0.059625	11.6966	0.0233616	
0.05975	11.6993	0.0234116	
0.059875	11.7021	0.0234616	
0.06	11.7048	0.0235116	
0.060125	11.7075	0.0235616	
0.06025	11.7102	0.0236116	
0.060375	11.7129	0.0236616	
0.0605	11.7157	0.0237116	
0.060625	11.7184	0.0237616	
0.06075	11.7211	0.0238116	
0.060875	11.7238	0.0238616	
0.061	11.7264	0.0239116	
0.061125	11.7291	0.0239616	
0.06125	11.7318	0.0240116	
0.061375	11.7345	0.0240616	
0.0615	11.7371	0.0241116	
0.061625	11.7398	0.0241616	
0.06175	11.7424	0.0242116	
0.061875	11.7451	0.0242616	
0.062	11.7477	0.0243116	
0.062125	11.7504	0.0243616	
0.06225	11.753	0.0244116	
0.062375	11.7556	0.0244616	
0.0625	11.7582	0.0245116	
0.062625	11.7609	0.0245616	
0.06275	11.7635	0.0246116	
0.062875	11.7661	0.0246616	
0.063	11.7687	0.0247116	
0.063125	11.7713	0.0247616	
0.06325	11.7739	0.0248116	
0.063375	11.7764	0.0248616	
0.0635	11.779	0.0249116	
0.063625	11.7816	0.0249616	
0.06375	11.7842	0.0250116	
0.063875	11.7867	0.0250616	
0.064	11.7893	0.0251116	
0.064125	11.7918	0.0251616	
0.06425	11.7944	0.0252116	
0.064375	11.7969	0.0252616	
0.0645	11.7995	0.0253116	
0.064625	11.802	0.0253616	
0.06475	11.8045	0.0254116	
0.064875	11.8071	0.0254616	
0.065	11.8096	0.0255116	
0.065125	11.8121	0.0255616	
0.06525	11.8146	0.0256116	
0.065375	11.8171	0.0256616	
0.0655	11.8196	0.0257116	
0.065625	11.8221	0.0257616	
0.06575	11.8246	0.0258116	
0.065875	11.8271	0.0258616	
0.066	11.8295	0.0259116	
0.066125	11.832	0.0259616	
0.06625	11.8345	0.0260116	
0.066375	11.837	0.0260616	
0.0665	11.8394	0.0261116	
0.066625	11.8419	0.0261616	
0.06675	11.8443	0.0262116	
0.066875	11.8468	0.0262616	
0.067	11.8492	0.0263116	
0.067125	11.8517	0.0263616	
0.06725	11.8541	0.0264116	
0.067375	11.8565	0.0264616	
0.0675	11.8589	0.0265116	
0.067625	11.8614	0.0265616	
0.06775	11.8638	0.0266116	
0.067875	11.8662	0.0266616	
0.068	11.8686	0.0267116	
0.068125	11.871	0.0267616	
0.06825	11.8734	0.0268116	
0.068375	11.8758	0.0268616	
0.0685	11.8782	0.0269116	
0.068625	11.8805	0.0269616	
0.06875	11.8829	0.0270116	
0.068875	11.8853	0.0270616	
0.069	11.8877	0.0271116	
0.069125	11.89	0.0271616	
0.06925	11.8924	0.0272116	
0.069375	11.8948	0.0272616	
0.0695	11.8971	0.0273116	
0.069625	11.8995	0.0273616	
0.06975	11.9018	0.0274116	
0.069875	11.9041	0.0274616	
0.07	11.9065	0.0275116	
0.070125	11.9088	0.0275616	
0.07025	11.9111	0.0276116	
0.070375	11.9135	0.0276616	
0.0705	11.9158	0.0277116	
0.070625	11.9181	0.0277616	
0.07075	11.9204	0.0278116	
0.070875	11.9227	0.0278616	
0.071	11.925	0.0279116	
0.071125	11.9273	0.0279616	
0.07125	11.9296	0.0280116	
0.071375	11.9319	0.0280616	
0.0715	11.9342	0.0281116	
0.071625	11.9365	0.0281616	
0.07175	11.9387	0.0282116	
0.071875	11.941	0.0282616	
0.072	11.9433	0.0283116	
0.072125	11.9455	0.0283616	
0.07225	11.9478	0.0284116	
0.072375	11.9501	0.0284616	
0.0725	11.9523	0.0285116	
0.072625	11.9546	0.0285616	
0.07275	11.9568	0.0286116	
0.072875	11.9591	0.0286616	
0.073	11.9613	0.0287116	
0.073125	11.9635	0.0287616	
0.07325	11.9658	0.0288116	
0.073375	11.968	0.0288616	
0.0735	11.9702	0.0289116	
0.073625	11.9724	0.0289616	
0.07375	11.9746	0.0290116	
0.073875	11.9769	0.0290616	
0.074	11.9791	0.0291116	
0.074125	11.9813	0.0291616	
0.07425	11.9835	0.0292116	
0.074375	11.9857	0.0292616	
0.0745	11.9879	0.0293116	
0.074625	11.99	0.0293616	
0.07475	11.9922	0.0294116	
0.074875	11.9944	0.0294616	
0.075	11.9966	0.0295116	
0.075125	11.9988	0.0295616	
0.07525	12.0009	0.0296116	
0.075375	12.0031	0.0296616	
0.0755	12.0053	0.0297116	
0.075625	12.0074	0.0297616	
0.07575	12.0096	0.0298116	
0.075875	12.0117	0.0298616	
0.076	12.0139	0.0299116	
0.076125	12.016	0.0299616	
0.07625	12.0182	0.0300116	
0.076375	12.0203	0.0300616	
0.0765	12.0224	0.0301116	
0.076625	12.0246	0.0301616	
0.07675	12.0267	0.0302116	
0.076875	12.0288	0.0302616	
0.077	12.0309	0.0303116	
0.077125	12.0331	0.0303616	
0.07725	12.0352	0.0304116	
0.077375	12.0373	0.0304616	
0.0775	12.0394	0.0305116	
0.077625	12.0415	0.0305616	
0.07775	12.0436	0.0306116	
0.077875	12.0457	0.0306616	
0.078	12.0478	0.0307116	
0.078125	12.0499	0.0307616	
0.07825	12.052	0.0308116	
0.078375	12.054	0.0308616	
0.0785	12.0561	0.0309116	
0.078625	12.0582	0.0309616	
0.07875	12.0603	0.0310116	
0.078875	12.0623	0.0310616	
0.079	12.0644	0.0311116	
0.079125	12.0665	0.0311616	
0.07925	12.0685	0.0312116	
0.079375	12.0706	0.0312616	
0.0795	12.0726	0.0313116	
0.079625	12.0747	0.0313616	
0.07975	12.0767	0.0314116	
0.079875	12.0788	0.0314616	
0.08	12.0808	0.0315116	
0.080125	12.0828	0.0315616	
0.08025	12.0849	0.0316116	
0.080375	12.0869	0.0316616	
0.0805	12.0889	0.0317116	
0.080625	12.091	0.0317616	
0.08075	12.093	0.0318116	
0.080875	12.095	0.0318616	
0.081	12.097	0.0319116	
0.081125	12.099	0.0319616	
0.08125	12.101	0.0320116	
0.081375	12.103	0.0320616	
0.0815	12.105	0.0321116	
0.081625	12.107	0.0321616	
0.08175	12.109	0.0322116	
0.081875	12.111	0.0322616	
0.082	12.113	0.0323116	
0.082125	12.115	0.0323616	
0.08225	12.117	0.0324116	
0.082375	12.119	0.0324616	
0.0825	12.1209	0.0325116	
0.082625	12.1229	0.0325616	
0.08275	12.1249	0.0326116	
0.082875	12.1268	0.0326616	
0.083	12.1288	0.0327116	
0.083125	12.1308	0.0327616	
0.08325	12.1327	0.0328116	
0.083375	12.1347	0.0328616	
0.0835	12.1366	0.0329116	
0.083625	12.1386	0.0329616	
0.08375	12.1405	0.0330116	
0.083875	12.1425	0.0330616	
0.084	12.1444	0.0331116	
0.084125	12.1464	0.0331616	
0.08425	12.1483	0.0332116	
0.084375	12.1502	0.0332616	
0.0845	12.1522	0.0333116	
0.084625	12.1541	0.0333616	
0.08475	12.156	0.0334116	
0.084875	12.1579	0.0334616	
0.085	12.1598	0.0335116	
0.085125	12.1618	0.0335616	
0.08525	12.1637	0.0336116	
0.085375	12.1656	0.0336616	
0.0855	12.1675	0.0337116	
0.085625	12.1694	0.0337616	
0.08575	12.1713	0.0338116	
0.085875	12.1732	0.0338616	
0.086	12.1751	0.0339116	
0.086125	12.177	0.0339616	
0.08625	12.1789	0.0340116	
0.086375	12.1808	0.0340616	
0.0865	12.1826	0.0341116	
0.086625	12.1845	0.0341616	
0.08675	12.1864	0.0342116	
0.086875	12.1883	0.0342616	
0.087	12.1902	0.0343116	
0.087125	12.192	0.0343616	
0.08725	12.1939	0.0344116	
0.087375	12.1958	0.0344616	
0.0875	12.1976	0.0345116	
0.087625	12.1995	0.0345616	
0.08775	12.2013	0.0346116	
0.087875	12.2032	0.0346616	
0.088	12.205	0.0347116	
0.088125	12.2069	0.0347616	
0.08825	12.2087	0.0348116	
0.088375	12.2106	0.0348616	
0.0885	12.2124	0.0349116	
0.088625	12.2143	0.0349616	
0.08875	12.2161	0.0350116	
0.088875	12.2179	0.0350616	
0.089	12.2198	0.0351116	
0.089125	12.2216	0.0351616	
0.08925	12.2234	0.0352116	
0.089375	12.2252	0.0352616	
0.0895	12.2271	0.0353116	
0.089625	12.2289	0.0353616	
0.08975	12.2307	0.0354116	
0.089875	12.2325	0.0354616	
0.09	12.2343	0.0355116	
0.090125	12.2361	0.0355616	
0.09025	12.2379	0.0356116	
0.090375	12.2397	0.0356616	
0.0905	12.2415	0.0357116	
0.090625	12.2433	0.0357616	
0.09075	12.2451	0.0358116	
0.090875	12.2469	0.0358616	
0.091	12.2487	0.0359116	
0.091125	12.2505	0.0359616	
0.09125	12.2523	0.0360116	
0.091375	12.2541	0.0360616	
0.0915	12.2558	0.0361116	
0.091625	12.2576	0.0361616	
0.09175	12.2594	0.0362116	
0.091875	12.2612	0.0362616	
0.092	12.2629	0.0363116	
0.092125	12.2647	0.0363616	
0.09225	12.2665	0.0364116	
0.092375	12.2682	0.0364616	
0.0925	12.27	0.0365116	
0.092625	12.2718	0.0365616	
0.09275	12.2735	0.0366116	
0.092875	12.2753	0.0366616	
0.093	12.277	0.0367116	
0.093125	12.2788	0.0367616	
0.09325	12.2805	0.0368116	
0.093375	12.2823	0.0368616	
0.0935	12.284	0.0369116	
0.093625	12.2857	0.0369616	
0.09375	12.2875	0.0370116	
0.093875	12.2892	0.0370616	
0.094	12.2909	0.0371116	
0.094125	12.2927	0.0371616	
0.09425	12.2944	0.0372116	
0.094375	12.2961	0.0372616	
0.0945	12.2978	0.0373116	
0.094625	12.2996	0.0373616	
0.09475	12.3013	0.0374116	
0.094875	12.303	0.0374616	
0.095	12.3047	0.0375116	
0.095125	12.3064	0.0375616	
0.09525	12.3081	0.0376116	
0.095375	12.3098	0.0376616	
0.0955	12.3115	0.0377116	
0.095625	12.3132	0.0377616	
0.09575	12.3149	0.0378116	
0.095875	12.3166	0.0378616	
0.096	12.3183	0.0379116	
0.096125	12.32	0.0379616	
0.09625	12.3217	0.0380116	
0.096375	12.3234	0.0380616	
0.0965	12.3251	0.0381116	
0.096625	12.3268	0.0381616	
0.09675	12.3285	0.0382116	
0.096875	12.3301	0.0382616	
0.097	12.3318	0.0383116	
0.097125	12.3335	0.0383616	
0.09725	12.3352	0.0384116	
0.097375	12.3368	0.0384616	
0.0975	12.3385	0.0385116	
0.097625	12.3402	0.0385616	
0.09775	12.3418	0.0386116	
0.097875	12.3435	0.0386616	
0.098	12.3452	0.0387116	
0.098125	12.3468	0.0387616	
0.09825	12.3485	0.0388116	
0.098375	12.3501	0.0388616	
0.0985	12.3518	0.0389116	
0.098625	12.3534	0.0389616	
0.09875	12.3551	0.0390116	
0.098875	12.3567	0.0390616	
0.099	12.3584	0.0391116	
0.099125	12.36	0.0391616	
0.09925	12.3617	0.0392116	
0.099375	12.3633	0.0392616	
0.0995	12.3649	0.0393116	
0.099625	12.3666	0.0393616	
0.09975	12.3682	0.0394116	
0.099875	12.3698	0.0394616	
0.1	12.3715	0.0395116	
0.100125	12.3731	0.0395616	
0.10025	12.3747	0.0396116	
0.100375	12.3763	0.0396616	
0.1005	12.3779	0.0397116	
0.100625	12.3796	0.0397616	
0.10075	12.3812	0.0398116	
0.100875	12.3828	0.0398616	
0.101	12.3844	0.0399116	
0.101125	12.386	0.0399616	
0.10125	12.3876	0.0400116	
0.101375	12.3892	0.0400616	
0.1015	12.3908	0.0401116	
0.101625	12.3924	0.0401616	
0.10175	12.394	0.0402116	
0.101875	12.3956	0.0402616	
0.102	12.3972	0.0403116	
0.102125	12.3988	0.0403616	
0.10225	12.4004	0.0404116	
0.102375	12.402	0.0404616	
0.1025	12.4036	0.0405116	
0.102625	12.4052	0.0405616	
0.10275	12.4067	0.0406116	
0.102875	12.4083	0.0406616	
0.103	12.4099	0.0407116	
0.103125	12.4115	0.0407616	
0.10325	12.4131	0.0408116	
0.103375	12.4146	0.0408616	
0.1035	12.4162	0.0409116	
0.103625	12.4178	0.0409616	
0.10375	12.4193	0.0410116	
0.103875	12.4209	0.0410616	
0.104	12.4225	0.0411116	
0.104125	12.424	0.0411616	
0.10425	12.4256	0.0412116	
0.104375	12.4271	0.0412616	
0.1045	12.4287	0.0413116	
0.104625	12.4303	0.0413616	
0.10475	12.4318	0.0414116	
0.104875	12.4334	0.0414616	
0.105	12.4349	0.0415116	
0.105125	12.4365	0.0415616	
0.10525	12.438	0.0416116	
0.105375	12.4395	0.0416616	
0.1055	12.4411	0.0417116	
0.105625	12.4426	0.0417616	
0.10575	12.4442	0.0418116	
0.105875	12.4457	0.0418616	
0.106	12.4472	0.0419116	
0.106125	12.4488	0.0419616	
0.10625	12.4503	0.0420116	
0.106375	12.4518	0.0420616	
0.1065	12.4534	0.0421116	
0.106625	12.4549	0.0421616	
0.10675	12.4564	0.0422116	
0.106875	12.4579	0.0422616	
0.107	12.4594	0.0423116	
0.107125	12.461	0.0423616	
0.10725	12.4625	0.0424116	
0.107375	12.464	0.0424616	
0.1075	12.4655	0.0425116	
0.107625	12.467	0.0425616	
0.10775	12.4685	0.0426116	
0.107875	12.47	0.0426616	
0.108	12.4715	0.0427116	
0.108125	12.473	0.0427616	
0.10825	12.4745	0.0428116	
0.108375	12.476	0.0428616	
0.1085	12.4775	0.0429116	
0.108625	12.479	0.0429616	
0.10875	12.4805	0.0430116	
0.108875	12.482	0.0430616	
0.109	12.4835	0.0431116	
0.109125	12.485	0.0431616	
0.10925	12.4865	0.0432116	
0.109375	12.488	0.0432616	
0.1095	12.4895	0.0433116	
0.109625	12.4909	0.0433616	
0.10975	12.4924	0.0434116	
0.109875	12.4939	0.0434616	
0.11	12.4954	0.0435116	
0.110125	12.4969	0.0435616	
0.11025	12.4983	0.0436116	
0.110375	12.4998	0.0436616	
0.1105	12.5013	0.0437116	
0.110625	12.5027	0.0437616	
0.11075	12.5042	0.0438116	
0.110875	12.5057	0.0438616	
0.111	12.5071	0.0439116	
0.111125	12.5086	0.0439616	
0.11125	12.5101	0.0440116	
0.111375	12.5115	0.0440616	
0.1115	12.513	0.0441116	
0.111625	12.5144	0.0441616	
0.11175	12.5159	0.0442116	
0.111875	12.5173	0.0442616	
0.112	12.5188	0.0443116	
0.112125	12.5202	0.0443616	
0.11225	12.5217	0.0444116	
0.112375	12.5231	0.0444616	
0.1125	12.5246	0.0445116	
0.112625	12.526	0.0445616	
0.11275	12.5275	0.0446116	
0.112875	12.5289	0.0446616	
0.113	12.5303	0.0447116	
0.113125	12.5318	0.0447616	
0.11325	12.5332	0.0448116	
0.113375	12.5347	0.0448616	
0.1135	12.5361	0.0449116	
0.113625	12.5375	0.0449616	
0.11375	12.5389	0.0450116	
0.113875	12.5404	0.0450616	
0.114	12.5418	0.0451116	
0.114125	12.5432	0.0451616	
0.11425	12.5446	0.0452116	
0.114375	12.5461	0.0452616	
0.1145	12.5475	0.0453116	
0.114625	12.5489	0.0453616	
0.11475	12.5503	0.0454116	
0.114875	12.5517	0.0454616	
0.115	12.5531	0.0455116	
0.115125	12.5546	0.0455616	
0.11525	12.556	0.0456116	
0.115375	12.5574	0.0456616	
0.1155	12.5588	0.0457116	
0.115625	12.5602	0.0457616	
0.11575	12.5616	0.0458116	
0.115875	12.563	0.0458616	
0.116	12.5644	0.0459116	
0.116125	12.5658	0.0459616	
0.11625	12.5672	0.0460116	
0.116375	12.5686	0.0460616	
0.1165	12.57	0.0461116	
0.116625	12.5714	0.0461616	
0.11675	12.5728	0.0462116	
0.116875	12.5742	0.0462616	
0.117	12.5755	0.0463116	
0.117125	12.5769	0.0463616	
0.11725	12.5783	0.0464116	
0.117375	12.5797	0.0464616	
0.1175	12.5811	0.0465116	
0.117625	12.5825	0.0465616	
0.11775	12.5838	0.0466116	
0.117875	12.5852	0.0466616	
0.118	12.5866	0.0467116	
0.118125	12.588	0.0467616	
0.11825	12.5893	0.0468116	
0.118375	12.5907	0.0468616	
0.1185	12.5921	0.0469116	
0.118625	12.5935	0.0469616	
0.11875	12.5948	0.0470116	
0.118875	12.5962	0.0470616	
0.119	12.5976	0.0471116	
0.119125	12.5989	0.0471616	
0.11925	12.6003	0.0472116	
0.119375	12.6016	0.0472616	
0.1195	12.603	0.0473116	
0.119625	12.6044	0.0473616	
0.11975	12.6057	0.0474116	
0.119875	12.6071	0.0474616	
0.12	12.6084	0.0475116	
0.120125	12.6098	0.0475616	
0.12025	12.6111	0.0476116	
0.120375	12.6125	0.0476616	
0.1205	12.6138	0.0477116	
0.120625	12.6152	0.0477616	
0.12075	12.6165	0.0478116	
0.120875	12.6179	0.0478616	
0.121	12.6192	0.0479116	
0.121125	12.6205	0.0479616	
0.12125	12.6219	0.0480116	
0.121375	12.6232	0.0480616	
0.1215	12.6246	0.0481116	
0.121625	12.6259	0.0481616	
0.12175	12.6272	0.0482116	
0.121875	12.6286	0.0482616	
0.122	12.6299	0.0483116	
0.122125	12.6312	0.0483616	
0.12225	12.6325	0.0484116	
0.122375	12.6339	0.0484616	
0.1225	12.6352	0.0485116	
0.122625	12.6365	0.0485616	
0.12275	12.6378	0.0486116	
0.122875	12.6392	0.0486616	
0.123	12.6405	0.0487116	
0.123125	12.6418	0.0487616	
0.12325	12.6431	0.0488116	
0.123375	12.6444	0.0488616	
0.1235	12.6458	0.0489116	
0.123625	12.6471	0.0489616	
0.12375	12.6484	0.0490116	
0.123875	12.6497	0.0490616	
0.124	12.651	0.0491116	
0.124125	12.6523	0.0491616	
0.12425	12.6536	0.0492116	
0.124375	12.6549	0.0492616	
0.1245	12.6562	0.0493116	
0.124625	12.6575	0.0493616	
0.12475	12.6588	0.0494116	
0.124875	12.6601	0.0494616	
0.125	12.6614	0.0495116	
0.125125	12.6627	0.0495616	
0.12525	12.664	0.0496116	
0.125375	12.6653	0.0496616	
0.1255	12.6666	0.0497116	
0.125625	12.6679	0.0497616	
0.12575	12.6692	0.0498116	
0.125875	12.6705	0.0498616	
0.126	12.6718	0.0499116	
0.126125	12.6731	0.0499616	
0.12625	12.6743	0.0500116	
0.126375	12.6756	0.0500616	
0.1265	12.6769	0.0501116	
0.126625	12.6782	0.0501616	
0.12675	12.6795	0.0502116	
0.126875	12.6807	0.0502616	
0.127	12.682	0.0503116	
0.127125	12.6833	0.0503616	
0.12725	12.6846	0.0504116	
0.127375	12.6859	0.0504616	
0.1275	12.6871	0.0505116	
0.127625	12.6884	0.0505616	
0.12775	12.6897	0.0506116	
0.127875	12.6909	0.0506616	
0.128	12.6922	0.0507116	
0.128125	12.6935	0.0507616	
0.12825	12.6947	0.0508116	
0.128375	12.696	0.0508616	
0.1285	12.6973	0.0509116	
0.128625	12.6985	0.0509616	
0.12875	12.6998	0.0510116	
0.128875	12.701	0.0510616	
0.129	12.7023	0.0511116	
0.129125	12.7036	0.0511616	
0.12925	12.7048	0.0512116	
0.129375	12.7061	0.0512616	
0.1295	12.7073	0.0513116	
0.129625	12.7086	0.0513616	
0.12975	12.7098	0.0514116	
0.129875	12.7111	0.0514616	
0.13	12.7123	0.0515116	
0.130125	12.7136	0.0515616	
0.13025	12.7148	0.0516116	
0.130375	12.7161	0.0516616	
0.1305	12.7173	0.0517116	
0.130625	12.7186	0.0517616	
0.13075	12.7198	0.0518116	
0.130875	12.721	0.0518616	
0.131	12.7223	0.0519116	
0.131125	12.7235	0.0519616	
0.13125	12.7247	0.0520116	
0.131375	12.726	0.0520616	
0.1315	12.7272	0.0521116	
0.131625	12.7284	0.0521616	
0.13175	12.7297	0.0522116	
0.131875	12.7309	0.0522616	
0.132	12.7321	0.0523116	
0.132125	12.7334	0.0523616	
0.13225	12.7346	0.0524116	
0.132375	12.7358	0.0524616	
0.1325	12.737	0.0525116	
0.132625	12.7383	0.0525616	
0.13275	12.7395	0.0526116	
0.132875	12.7407	0.0526616	
0.133	12.7419	0.0527116	
0.133125	12.7432	0.0527616	
0.13325	12.7444	0.0528116	
0.133375	12.7456	0.0528616	
0.1335	12.7468	0.0529116	
0.133625	12.748	0.0529616	
0.13375	12.7492	0.0530116	
0.133875	12.7504	0.0530616	
0.134	12.7517	0.0531116	
0.134125	12.7529	0.0531616	
0.13425	12.7541	0.0532116	
0.134375	12.7553	0.0532616	
0.1345	12.7565	0.0533116	
0.134625	12.7577	0.0533616	
0.13475	12.7589	0.0534116	
0.134875	12.7601	0.0534616	
0.135	12.7613	0.0535116	
0.135125	12.7625	0.0535616	
0.13525	12.7637	0.0536116	
0.135375	12.7649	0.0536616	
0.1355	12.7661	0.0537116	
0.135625	12.7673	0.0537616	
0.13575	12.7685	0.0538116	
0.135875	12.7697	0.0538616	
0.136	12.7709	0.0539116	
0.136125	12.7721	0.0539616	
0.13625	12.7733	0.0540116	
0.136375	12.7744	0.0540616	
0.1365	12.7756	0.0541116	
0.136625	12.7768	0.0541616	
0.13675	12.778	0.0542116	
0.136875	12.7792	0.0542616	
0.137	12.7804	0.0543116	
0.137125	12.7816	0.0543616	
0.13725	12.7827	0.0544116	
0.137375	12.7839	0.0544616	
0.1375	12.7851	0.0545116	
0.137625	12.7863	0.0545616	
0.13775	12.7875	0.0546116	
0.137875	12.7886	0.0546616	
0.138	12.7898	0.0547116	
0.138125	12.791	0.0547616	
0.13825	12.7922	0.0548116	
0.138375	12.7933	0.0548616	
0.1385	12.7945	0.0549116	
0.138625	12.7957	0.0549616	
0.13875	12.7968	0.0550116	
0.138875	12.798	0.0550616	
0.139	12.7992	0.0551116	
0.139125	12.8003	0.0551616	
0.13925	12.8015	0.0552116	
0.139375	12.8027	0.0552616	
0.1395	12.8038	0.0553116	
0.139625	12.805	0.0553616	
0.13975	12.8062	0.0554116	
0.139875	12.8073	0.0554616	
0.14	12.8085	0.0555116	
0.140125	12.8096	0.0555616	
0.14025	12.8108	0.0556116	
0.140375	12.8119	0.0556616	
0.1405	12.8131	0.0557116	
0.140625	12.8142	0.0557616	
0.14075	12.8154	0.0558116	
0.140875	12.8166	0.0558616	
0.141	12.8177	0.0559116	
0.141125	12.8189	0.0559616	
0.14125	12.82	0.0560116	
0.141375	12.8211	0.0560616	
0.1415	12.8223	0.0561116	
0.141625	12.8234	0.0561616	
0.14175	12.8246	0.0562116	
0.141875	12.8257	0.0562616	
0.142	12.8269	0.0563116	
0.142125	12.828	0.0563616	
0.14225	12.8292	0.0564116	
0.142375	12.8303	0.0564616	
0.1425	12.8314	0.0565116	
0.142625	12.8326	0.0565616	
0.14275	12.8337	0.0566116	
0.142875	12.8348	0.0566616	
0.143	12.836	0.0567116	
0.143125	12.8371	0.0567616	
0.14325	12.8382	0.0568116	
0.143375	12.8394	0.0568616	
0.1435	12.8405	0.0569116	
0.143625	12.8416	0.0569616	
0.14375	12.8428	0.0570116	
0.143875	12.8439	0.0570616	
0.144	12.845	0.0571116	
0.144125	12.8461	0.0571616	
0.14425	12.8473	0.0572116	
0.144375	12.8484	0.0572616	
0.1445	12.8495	0.0573116	
0.144625	12.8506	0.0573616	
0.14475	12.8517	0.0574116	
0.144875	12.8529	0.0574616	
0.145	12.854	0.0575116	
0.145125	12.8551	0.0575616	
0.14525	12.8562	0.0576116	
0.145375	12.8573	0.0576616	
0.1455	12.8584	0.0577116	
0.145625	12.8596	0.0577616	
0.14575	12.8607	0.0578116	
0.145875	12.8618	0.0578616	
0.146	12.8629	0.0579116	
0.146125	12.864	0.0579616	
0.14625	12.8651	0.0580116	
0.146375	12.8662	0.0580616	
0.1465	12.8673	0.0581116	
0.146625	12.8684	0.0581616	
0.14675	12.8695	0.0582116	
0.146875	12.8706	0.0582616	
0.147	12.8717	0.0583116	
0.147125	12.8728	0.0583616	
0.14725	12.8739	0.0584116	
0.147375	12.875	0.0584616	
0.1475	12.8761	0.0585116	
0.147625	12.8772	0.0585616	
0.14775	12.8783	0.0586116	
0.147875	12.8794	0.0586616	
0.148	12.8805	0.0587116	
0.148125	12.8816	0.0587616	
0.14825	12.8827	0.0588116	
0.148375	12.8838	0.0588616	
0.1485	12.8849	0.0589116	
0.148625	12.886	0.0589616	
0.14875	12.8871	0.0590116	
0.148875	12.8882	0.0590616	
0.149	12.8893	0.0591116	
0.149125	12.8903	0.0591616	
0.14925	12.8914	0.0592116	
0.149375	12.8925	0.0592616	
0.1495	12.8936	0.0593116	
0.149625	12.8947	0.0593616	
0.14975	12.8958	0.0594116	
0.149875	12.8969	0.0594616	
0.15	12.8979	0.0595116	
0.150125	12.899	0.0595616	
0.15025	12.9001	0.0596116	
0.150375	12.9012	0.0596616	
0.1505	12.9022	0.0597116	
0.150625	12.9033	0.0597616	
0.15075	12.9044	0.0598116	
0.150875	12.9055	0.0598616	
0.151	12.9065	0.0599116	
0.151125	12.9076	0.0599616	
0.15125	12.9087	0.0600116	
0.151375	12.9098	0.0600616	
0.1515	12.9108	0.0601116	
0.151625	12.9119	0.0601616	
0.15175	12.913	0.0602116	
0.151875	12.914	0.0602616	
0.152	12.9151	0.0603116	
0.152125	12.9162	0.0603616	
0.15225	12.9172	0.0604116	
0.152375	12.9183	0.0604616	
0.1525	12.9194	0.0605116	
0.152625	12.9204	0.0605616	
0.15275	12.9215	0.0606116	
0.152875	12.9225	0.0606616	
0.153	12.9236	0.0607116	
0.153125	12.9247	0.0607616	
0.15325	12.9257	0.0608116	
0.153375	12.9268	0.0608616	
0.1535	12.9278	0.0609116	
0.153625	12.9289	0.0609616	
0.15375	12.9299	0.0610116	
0.153875	12.931	0.0610616	
0.154	12.932	0.0611116	
0.154125	12.9331	0.0611616	
0.15425	12.9341	0.0612116	
0.154375	12.9352	0.0612616	
0.1545	12.9362	0.0613116	
0.154625	12.9373	0.0613616	
0.15475	12.9383	0.0614116	
0.154875	12.9394	0.0614616	
0.155	12.9404	0.0615116	
0.155125	12.9415	0.0615616	
0.15525	12.9425	0.0616116	
0.155375	12.9436	0.0616616	
0.1555	12.9446	0.0617116	
0.155625	12.9456	0.0617616	
0.15575	12.9467	0.0618116	
0.155875	12.9477	0.0618616	
0.156	12.9488	0.0619116	
0.156125	12.9498	0.0619616	
0.15625	12.9508	0.0620116	
0.156375	12.9519	0.0620616	
0.1565	12.9529	0.0621116	
0.156625	12.954	0.0621616	
0.15675	12.955	0.0622116	
0.156875	12.956	0.0622616	
0.157	12.957	0.0623116	
0.157125	12.9581	0.0623616	
0.15725	12.9591	0.0624116	
0.157375	12.9601	0.0624616	
0.1575	12.9612	0.0625116	
0.157625	12.9622	0.0625616	
0.15775	12.9632	0.0626116	
0.157875	12.9643	0.0626616	
0.158	12.9653	0.0627116	
0.158125	12.9663	0.0627616	
0.15825	12.9673	0.0628116	
0.158375	12.9683	0.0628616	
0.1585	12.9694	0.0629116	
0.158625	12.9704	0.0629616	
0.15875	12.9714	0.0630116	
0.158875	12.9724	0.0630616	
0.159	12.9735	0.0631116	
0.159125	12.9745	0.0631616	
0.15925	12.9755	0.0632116	
0.159375	12.9765	0.0632616	
0.1595	12.9775	0.0633116	
0.159625	12.9785	0.0633616	
0.15975	12.9796	0.0634116	
0.159875	12.9806	0.0634616	
0.16	12.9816	0.0635116	
0.160125	12.9826	0.0635616	
0.16025	12.9836	0.0636116	
0.160375	12.9846	0.0636616	
0.1605	12.9856	0.0637116	
0.160625	12.9866	0.0637616	
0.16075	12.9876	0.0638116	
0.160875	12.9886	0.0638616	
0.161	12.9897	0.0639116	
0.161125	12.9907	0.0639616	
0.16125	12.9917	0.0640116	
0.161375	12.9927	0.0640616	
0.1615	12.9937	0.0641116	
0.161625	12.9947	0.0641616	
0.16175	12.9957	0.0642116	
0.161875	12.9967	0.0642616	
0.162	12.9977	0.0643116	
0.162125	12.9987	0.0643616	
0.16225	12.9997	0.0644116	
0.162375	13.0007	0.0644616	
0.1625	13.0017	0.0645116	
0.162625	13.0027	0.0645616	
0.16275	13.0037	0.0646116	
0.162875	13.0047	0.0646616	
0.163	13.0056	0.0647116	
0.163125	13.0066	0.0647616	
0.16325	13.0076	0.0648116	
0.163375	13.0086	0.0648616	
0.1635	13.0096	0.0649116	
0.163625	13.0106	0.0649616	
0.16375	13.0116	0.0650116	
0.163875	13.0126	0.0650616	
0.164	13.0136	0.0651116	
0.164125	13.0146	0.0651616	
0.16425	13.0155	0.0652116	
0.164375	13.0165	0.0652616	
0.1645	13.0175	0.0653116	
0.164625	13.0185	0.0653616	
0.16475	13.0195	0.0654116	
0.164875	13.0205	0.0654616	
0.165	13.0214	0.0655116	
0.165125	13.0224	0.0655616	
0.16525	13.0234	0.0656116	
0.165375	13.0244	0.0656616	
0.1655	13.0254	0.0657116	
0.165625	13.0263	0.0657616	
0.16575	13.0273	0.0658116	
0.165875	13.0283	0.0658616	
0.166	13.0293	0.0659116	
0.166125	13.0302	0.0659616	
0.16625	13.0312	0.0660116	
0.166375	13.0322	0.0660616	
0.1665	13.0332	0.0661116	
0.166625	13.0341	0.0661616	
0.16675	13.0351	0.0662116	
0.166875	13.0361	0.0662616	
0.167	13.0371	0.0663116	
0.167125	13.038	0.0663616	
0.16725	13.039	0.0664116	
0.167375	13.04	0.0664616	
0.1675	13.0409	0.0665116	
0.167625	13.0419	0.0665616	
0.16775	13.0429	0.0666116	
0.167875	13.0438	0.0666616	
0.168	13.0448	0.0667116	
0.168125	13.0458	0.0667616	
0.16825	13.0467	0.0668116	
0.168375	13.0477	0.0668616	
0.1685	13.0486	0.0669116	
0.168625	13.0496	0.0669616	
0.16875	13.0506	0.0670116	
0.168875	13.0515	0.0670616	
0.169	13.0525	0.0671116	
0.169125	13.0534	0.0671616	
0.16925	13.0544	0.0672116	
0.169375	13.0553	0.0672616	
0.1695	13.0563	0.0673116	
0.169625	13.0573	0.0673616	
0.16975	13.0582	0.0674116	
0.169875	13.0592	0.0674616	
0.17	13.0601	0.0675116	
0.170125	13.0611	0.0675616	
0.17025	13.062	0.0676116	
0.170375	13.063	0.0676616	
0.1705	13.0639	0.0677116	
0.170625	13.0649	0.0677616	
0.17075	13.0658	0.0678116	
0.170875	13.0668	0.0678616	
0.171	13.0677	0.0679116	
0.171125	13.0687	0.0679616	
0.17125	13.0696	0.0680116	
0.171375	13.0706	0.0680616	
0.1715	13.0715	0.0681116	
0.171625	13.0724	0.0681616	
0.17175	13.0734	0.0682116	
0.171875	13.0743	0.0682616	
0.172	13.0753	0.0683116	
0.172125	13.0762	0.0683616	
0.17225	13.0771	0.0684116	
0.172375	13.0781	0.0684616	
0.1725	13.079	0.0685116	
0.172625	13.08	0.0685616	
0.17275	13.0809	0.0686116	
0.172875	13.0818	0.0686616	
0.173	13.0828	0.0687116	
0.173125	13.0837	0.0687616	
0.17325	13.0846	0.0688116	
0.173375	13.0856	0.0688616	
0.1735	13.0865	0.0689116	
0.173625	13.0874	0.0689616	
0.17375	13.0884	0.0690116	
0.173875	13.0893	0.0690616	
0.174	13.0902	0.0691116	
0.174125	13.0912	0.0691616	
0.17425	13.0921	0.0692116	
0.174375	13.093	0.0692616	
0.1745	13.094	0.0693116	
0.174625	13.0949	0.0693616	
0.17475	13.0958	0.0694116	
0.174875	13.0967	0.0694616	
0.175	13.0977	0.0695116	
0.175125	13.0986	0.0695616	
0.17525	13.0995	0.0696116	
0.175375	13.1004	0.0696616	
0.1755	13.1014	0.0697116	
0.175625	13.1023	0.0697616	
0.17575	13.1032	0.0698116	
0.175875	13.1041	0.0698616	
0.176	13.105	0.0699116	
0.176125	13.106	0.0699616	
0.17625	13.1069	0.0700116	
0.176375	13.1078	0.0700616	
0.1765	13.1087	0.0701116	
0.176625	13.1096	0.0701616	
0.17675	13.1105	0.0702116	
0.176875	13.1115	0.0702616	
0.177	13.1124	0.0703116	
0.177125	13.1133	0.0703616	
0.17725	13.1142	0.0704116	
0.177375	13.1151	0.0704616	
0.1775	13.116	0.0705116	
0.177625	13.1169	0.0705616	
0.17775	13.1179	0.0706116	
0.177875	13.1188	0.0706616	
0.178	13.1197	0.0707116	
0.178125	13.1206	0.0707616	
0.17825	13.1215	0.0708116	
0.178375	13.1224	0.0708616	
0.1785	13.1233	0.0709116	
0.178625	13.1242	0.0709616	
0.17875	13.1251	0.0710116	
0.178875	13.126	0.0710616	
0.179	13.1269	0.0711116	
0.179125	13.1278	0.0711616	
0.17925	13.1287	0.0712116	
0.179375	13.1296	0.0712616	
0.1795	13.1305	0.0713116	
0.179625	13.1314	0.0713616	
0.17975	13.1323	0.0714116	
0.179875	13.1332	0.0714616	
0.18	13.1341	0.0715116	
0.180125	13.135	0.0715616	
0.18025	13.1359	0.0716116	
0.180375	13.1368	0.0716616	
0.1805	13.1377	0.0717116	
0.180625	13.1386	0.0717616	
0.18075	13.1395	0.0718116	
0.180875	13.1404	0.0718616	
0.181	13.1413	0.0719116	
0.181125	13.1422	0.0719616	
0.18125	13.1431	0.0720116	
0.181375	13.144	0.0720616	
0.1815	13.1449	0.0721116	
0.181625	13.1458	0.0721616	
0.18175	13.1467	0.0722116	
0.181875	13.1476	0.0722616	
0.182	13.1484	0.0723116	
0.182125	13.1493	0.0723616	
0.18225	13.1502	0.0724116	
0.182375	13.1511	0.0724616	
0.1825	13.152	0.0725116	
0.182625	13.1529	0.0725616	
0.18275	13.1538	0.0726116	
0.182875	13.1547	0.0726616	
0.183	13.1555	0.0727116	
0.183125	13.1564	0.0727616	
0.18325	13.1573	0.0728116	
0.183375	13.1582	0.0728616	
0.1835	13.1591	0.0729116	
0.183625	13.16	0.0729616	
0.18375	13.1608	0.0730116	
0.183875	13.1617	0.0730616	
0.184	13.1626	0.0731116	
0.184125	13.1635	0.0731616	
0.18425	13.1644	0.0732116	
0.184375	13.1652	0.0732616	
0.1845	13.1661	0.0733116	
0.184625	13.167	0.0733616	
0.18475	13.1679	0.0734116	
0.184875	13.1687	0.0734616	
0.185	13.1696	0.0735116	
0.185125	13.1705	0.0735616	
0.18525	13.1714	0.0736116	
0.185375	13.1722	0.0736616	
0.1855	13.1731	0.0737116	
0.185625	13.174	0.0737616	
0.18575	13.1748	0.0738116	
0.185875	13.1757	0.0738616	
0.186	13.1766	0.0739116	
0.186125	13.1775	0.0739616	
0.18625	13.1783	0.0740116	
0.186375	13.1792	0.0740616	
0.1865	13.1801	0.0741116	
0.186625	13.1809	0.0741616	
0.18675	13.1818	0.0742116	
0.186875	13.1827	0.0742616	
0.187	13.1835	0.0743116	
0.187125	13.1844	0.0743616	
0.18725	13.1853	0.0744116	
0.187375	13.1861	0.0744616	
0.1875	13.187	0.0745116	
0.187625	13.1879	0.0745616	
0.18775	13.1887	0.0746116	
0.187875	13.1896	0.0746616	
0.188	13.1904	0.0747116	
0.188125	13.1913	0.0747616	
0.18825	13.1922	0.0748116	
0.188375	13.193	0.0748616	
0.1885	13.1939	0.0749116	
0.188625	13.1947	0.0749616	
0.18875	13.1956	0.0750116	
0.188875	13.1964	0.0750616	
0.189	13.1973	0.0751116	
0.189125	13.1982	0.0751616	
0.18925	13.199	0.0752116	
0.189375	13.1999	0.0752616	
0.1895	13.2007	0.0753116	
0.189625	13.2016	0.0753616	
0.18975	13.2024	0.0754116	
0.189875	13.2033	0.0754616	
0.19	13.2041	0.0755116	
0.190125	13.205	0.0755616	
0.19025	13.2058	0.0756116	
0.190375	13.2067	0.0756616	
0.1905	13.2075	0.0757116	
0.190625	13.2084	0.0757616	
0.19075	13.2092	0.0758116	
0.190875	13.2101	0.0758616	
0.191	13.2109	0.0759116	
0.191125	13.2118	0.0759616	
0.19125	13.2126	0.0760116	
0.191375	13.2135	0.0760616	
0.1915	13.2143	0.0761116	
0.191625	13.2152	0.0761616	
0.19175	13.216	0.0762116	
0.191875	13.2168	0.0762616	
0.192	13.2177	0.0763116	
0.192125	13.2185	0.0763616	
0.19225	13.2194	0.0764116	
0.192375	13.2202	0.0764616	
0.1925	13.2211	0.0765116	
0.192625	13.2219	0.0765616	
0.19275	13.2227	0.0766116	
0.192875	13.2236	0.0766616	
0.193	13.2244	0.0767116	
0.193125	13.2253	0.0767616	
0.19325	13.2261	0.0768116	
0.193375	13.2269	0.0768616	
0.1935	13.2278	0.0769116	
0.193625	13.2286	0.0769616	
0.19375	13.2294	0.0770116	
0.193875	13.2303	0.0770616	
0.194	13.2311	0.0771116	
0.194125	13.2319	0.0771616	
0.19425	13.2328	0.0772116	
0.194375	13.2336	0.0772616	
0.1945	13.2344	0.0773116	
0.194625	13.2353	0.0773616	
0.19475	13.2361	0.0774116	
0.194875	13.2369	0.0774616	
0.195	13.2378	0.0775116	
0.195125	13.2386	0.0775616	
0.19525	13.2394	0.0776116	
0.195375	13.2402	0.0776616	
0.1955	13.2411	0.0777116	
0.195625	13.2419	0.0777616	
0.19575	13.2427	0.0778116	
0.195875	13.2436	0.0778616	
0.196	13.2444	0.0779116	
0.196125	13.2452	0.0779616	
0.19625	13.246	0.0780116	
0.196375	13.2469	0.0780616	
0.1965	13.2477	0.0781116	
0.196625	13.2485	0.0781616	
0.19675	13.2493	0.0782116	
0.196875	13.2501	0.0782616	
0.197	13.251	0.0783116	
0.197125	13.2518	0.0783616	
0.19725	13.2526	0.0784116	
0.197375	13.2534	0.0784616	
0.1975	13.2543	0.0785116	
0.197625	13.2551	0.0785616	
0.19775	13.2559	0.0786116	
0.197875	13.2567	0.0786616	
0.198	13.2575	0.0787116	
0.198125	13.2583	0.0787616	
0.19825	13.2592	0.0788116	
0.198375	13.26	0.0788616	
0.1985	13.2608	0.0789116	
0.198625	13.2616	0.0789616	
0.19875	13.2624	0.0790116	
0.198875	13.2632	0.0790616	
0.199	13.264	0.0791116	
0.199125	13.2649	0.0791616	
0.19925	13.2657	0.0792116	
0.199375	13.2665	0.0792616	
0.1995	13.2673	0.0793116	
0.199625	13.2681	0.0793616	
0.19975	13.2689	0.0794116	
0.199875	13.2697	0.0794616	
0.2	13.2705	0.0795116